year_of_birth	life_expectancy
1800	34.1083097466698
1801	34.4520007028677
1802	34.32253416399
1803	33.6999286568832
1804	33.7756950838943
1805	34.6523432200271
1806	34.6754487289468
1807	34.4102945593719
1808	34.24392710328
1809	34.3261466295134
1810	34.7030866348782
1811	34.6257186571625
1812	34.2044183966183
1813	34.2328314159989
1814	33.9866954933526
1815	35.0132579167825
1816	35.4714118920458
1817	35.4765397057101
1818	35.307741610257
1819	35.1645243170091
1820	35.5570624647246
1821	35.656668354911
1822	35.483219596436
1823	35.6614171708412
1824	35.4454285151324
1825	35.4459396259629
1826	35.298923062487
1827	35.6569222656451
1828	35.4155849634386
1829	35.5476882657054
1830	35.7814838213102
1831	35.533097672844
1832	34.9952357605677
1833	35.4775113477403
1834	34.9756473746387
1835	35.7011244866341
1836	35.9962188538012
1837	35.5066527294964
1838	35.5466029476128
1839	35.8060401173087
1840	35.6922124636217
1841	35.9349984553557
1842	35.758265963843
1843	35.9208253171254
1844	36.1270131638254
1845	36.3767493559533
1846	35.1489623179159
1847	35.0125302733417
1848	33.3750118070238
1849	34.1813635872058
1850	36.1399445250232
1851	36.0021947129385
1852	35.8124567584009
1853	35.8776401386479
1854	34.8116420459787
1855	35.0183753662894
1856	35.8382151093169
1857	35.5771403218838
1858	35.5117156161613
1859	35.0746992702552
1860	36.4568632212892
1861	35.9802876355374
1862	36.2337290250224
1863	35.944032034779
1864	35.9121380383209
1865	35.7131844372917
1866	35.7542751233171
1867	36.2533307609488
1868	35.5527478921212
1869	35.8225678523321
1870	35.7655548144656
1871	34.4866654703544
1872	35.9328338271629
1873	36.676569533935
1874	36.9556116667739
1875	36.8175824288219
1876	37.298785079904
1877	37.7280744793395
1878	36.9082992388191
1879	37.6491162353619
1880	37.2069528571571
1881	38.0375996853628
1882	37.0867464736158
1883	37.638435060907
1884	38.2641698917954
1885	38.2987692515941
1886	38.6406391152827
1887	38.8432712172167
1888	39.1113437771092
1889	39.1272205669457
1890	38.5696646154691
1891	38.1127005144312
1892	37.4538767108078
1893	38.6663199100867
1894	39.4553115854188
1895	39.1260402647904
1896	40.0240140296509
1897	40.7610175187577
1898	40.169911103741
1899	40.7348359283174
1900	40.5573909610185
1901	41.0220580249668
1902	41.574445258767
1903	42.2366746917097
1904	42.4189900194629
1905	42.4688602731997
1906	43.0053222951459
1907	43.692052709123
1908	43.815424383257
1909	44.1048408612299
1910	44.5573740480817
1911	44.5916571770084
1912	46.0457978907577
1913	45.663975279968
1914	43.3044683595454
1915	39.9625946324096
1916	40.3197083999243
1917	39.8304829148962
1918	31.6912228448942
1919	42.0552456539774
1920	42.6921220129525
1921	44.7559252190628
1922	45.4909948380402
1923	48.4928925137473
1924	49.3149092799707
1925	49.2749735937107
1926	50.4121771525123
1927	50.5264321175015
1928	51.196430245217
1929	50.5712426159573
1930	51.4200782436366
1931	51.2631832417161
1932	50.5069334643182
1933	45.8664609901696
1934	52.6405852189326
1935	53.9035556259053
1936	54.417109212379
1937	54.0218396905484
1938	54.7953948831776
1939	54.8508139218803
1940	53.1424757463281
1941	46.4023546634745
1942	44.2162879826669
1943	41.8002591942309
1944	41.9423130407301
1945	45.8117464377349
1946	57.3747466647596
1947	56.6251266025242
1948	61.5834502341212
1949	62.8733170550072
1950	64.5627332781204
1951	64.6221798116835
1952	65.4220344789291
1953	65.9945770177089
1954	66.4669648716016
1955	66.7386464660833
1956	67.0167806836512
1957	67.128137704746
1958	67.8144580612175
1959	67.835899769272
1960	68.4552202033032
1961	68.7000844858707
1962	68.66535488613
1963	68.9874601044705
1964	69.509977177052
1965	69.6264321167752
1966	69.8258319454497
1967	69.8113798599581
1968	69.7756950876831
1969	69.635859578263
1970	69.8956139491901
1971	70.1038787993062
1972	70.3143948032961
1973	70.4945277904439
1974	70.6754875798562
1975	70.6468570707979
1976	70.788618489774
1977	70.9374140600882
1978	71.0578161716007
1979	71.1476581257898
1980	71.2456403185082
1981	71.5104027296646
1982	71.8025543672143
1983	71.847128629079
1984	71.896161444222
1985	72.1857553426847
1986	72.7933606052228
1987	72.9186987866423
1988	72.9754004921216
1989	73.0363731566327
1990	73.0515342951584
1991	73.0494979095352
1992	72.8982327049611
1993	72.5056390345712
1994	72.3599252056991
1995	72.5660499897886
1996	73.0916773469056
1997	73.5629716780723
1998	73.8915972798401
1999	73.7977352713996
2000	74.0987098024004
2001	74.3114257516854
2002	74.418333150735
2003	74.5727483707949
2004	74.9561894269779
2005	75.0870243801807
2006	75.6092893954563
2007	75.9405529494564
2008	76.1527019060542
2009	76.5630404290722
2010	76.8265354354323
2011	77.2485724567557
2012	77.4832274478303
2013	77.7302158517448
2014	77.8807557839199
2015	78.0424533831374
2016	78.2827579939899
2017	78.5917222736012
2018	78.6560589114482
2019	78.7127258023573
2020	77.3411264494242
2021	76.9720568788529
2022	77.7553368003676
2023	79.1963483074914
2024	79.5757249192035
2025	79.7314454545999
2026	79.8880489170225
2027	80.0471591527574
2028	80.2050913128114
2029	80.3645388058341
2030	80.5194142702765
2031	80.6766821212004
2032	80.8294371520674
2033	80.9864471353996
2034	81.1383114715533
2035	81.2901416258811
2036	81.4424821842054
2037	81.593571945963
2038	81.7420198751327
2039	81.8911793013066
2040	82.0386602910027
2041	82.185139804879
2042	82.3305487806567
2043	82.475816212437
2044	82.6208420190844
2045	82.7652381725812
2046	82.9056898151708
2047	83.0497424376685
2048	83.1891670082859
2049	83.3295284210241
2050	83.4687323161663
2051	83.609061742145
2052	83.7437066287383
2053	83.8801547622799
2054	84.0177151082311
2055	84.1523944658064
2056	84.2873043550905
2057	84.4220774816965
2058	84.5554278569197
2059	84.6903028394763
2060	84.8224859980038
2061	84.9524541554677
2062	85.0824351074911
2063	85.2133942912795
2064	85.3455016848564
2065	85.4752658105059
2066	85.6020434879307
2067	85.7312603123543
2068	85.8588291662797
2069	85.9858546075455
2070	86.111951831275
2071	86.2378505806964
2072	86.3615240524901
2073	86.4904384183873
2074	86.6123934065352
2075	86.7358351635928
2076	86.86021306267
2077	86.9836136965177
2078	87.1062234911973
2079	87.229912036255
2080	87.3516042375525
2081	87.472016577099
2082	87.5905979561035
2083	87.7110589230896
2084	87.8311347512354
2085	87.9504574569027
2086	88.0700978219231
2087	88.189688598641
2088	88.3066964551567
2089	88.4286787580887
2090	88.5459698037567
2091	88.6624834940199
2092	88.7840104321137
2093	88.9006637282292
2094	89.0182645930321
2095	89.1366747434094
2096	89.2549387951718
2097	89.3715756778792
2098	89.4906893869161
2099	89.6092893166315
2100	89.7260198376027
