year_of_birth	life_expectancy
1800	39.86
1801	39.86
1802	39.86
1803	39.86
1804	39.86
1805	39.86
1806	39.86
1807	39.86
1808	39.86
1809	39.86
1810	39.86
1811	39.86
1812	39.86
1813	39.86
1814	39.86
1815	39.86
1816	39.86
1817	39.86
1818	39.86
1819	39.86
1820	39.86
1821	39.86
1822	39.86
1823	39.86
1824	39.86
1825	39.86
1826	39.86
1827	39.86
1828	39.86
1829	39.86
1830	39.86
1831	39.86
1832	39.86
1833	39.86
1834	39.86
1835	39.86
1836	39.86
1837	39.86
1838	39.86
1839	39.86
1840	39.86
1841	39.86
1842	39.86
1843	39.86
1844	39.86
1845	39.86
1846	39.86
1847	39.86
1848	39.86
1849	39.86
1850	39.86
1851	40
1852	38.66
1853	38.63
1854	38.63
1855	34.53
1856	38.39
1857	35.46
1858	34.67
1859	30.87
1860	36.92
1861	36.45
1862	38.29
1863	38.34
1864	37.57
1865	36.38
1866	33.65
1867	39.32
1868	37.76
1869	40.49
1870	37.35
1871	32.95
1872	36.51
1873	39.22
1874	41.32
1875	38.26
1876	40.37
1877	42.05
1878	41.12
1879	41.98
1880	40.41
1881	42.9
1882	43.82
1883	42.38
1884	41.37
1885	43.33
1886	42.01
1887	45.02
1888	44.25
1889	44.38
1890	44.44
1891	44.29
1892	43.99
1893	45.84
1894	46.97
1895	46.68
1896	48.6
1897	49.41
1898	49.08
1899	49.4
1900	48.45
1901	48.77
1902	50.66
1903	51.56
1904	50.96
1905	52.17
1906	52.84
1907	53.6
1908	52.82
1909	55.02
1910	55.21
1911	53.23
1912	57.28
1913	57.44
1914	57.27
1915	57.29
1916	56.23
1917	55.74
1918	47.67
1919	55.06
1920	57.92
1921	59.86
1922	59.93
1923	62.15
1924	63.06
1925	63.27
1926	63.14
1927	62.75
1928	63.84
1929	62.29
1930	64.83
1931	64.45
1932	65.55
1933	66.19
1934	66.73
1935	66.65
1936	66.88
1937	67.1
1938	67.52
1939	67.85
1940	65.52
1941	65.45
1942	65.96
1943	64.55
1944	61.38
1945	55.56
1946	67.7
1947	69.66
1948	71.18
1949	70.41
1950	71.58
1951	71.67
1952	72.06
1953	71.52
1954	72.41
1955	72.62
1956	72.77
1957	73.07
1958	73.26
1959	73.34
1960	73.5
1961	73.62
1962	73.07
1963	73.52
1964	73.68
1965	73.69
1966	73.68
1967	73.81
1968	73.76
1969	73.69
1970	73.73
1971	73.89
1972	73.97
1973	74.3
1974	74.61
1975	74.68
1976	74.87
1977	75.22
1978	75.4
1979	75.7
1980	75.88
1981	76.05
1982	76.17
1983	76.33
1984	76.43
1985	76.49
1986	76.56
1987	76.84
1988	77.06
1989	77
1990	77.16
1991	77.3
1992	77.4
1993	77.34
1994	77.59
1995	77.69
1996	77.76
1997	78.01
1998	78.12
1999	78.14
2000	78.28
2001	78.43
2002	78.6
2003	78.86
2004	79.3
2005	79.63
2006	79.97
2007	80.32
2008	80.54
2009	80.76
2010	80.95
2011	81.13
2012	81.22
2013	81.43
2014	81.62
2015	81.66
2016	81.66
2017	81.71
2018	81.72
2019	81.74
2020	81.34
2021	81.39
2022	82.15
2023	82.28
2024	82.41
2025	82.55
2026	82.68
2027	82.82
2028	82.96
2029	83.09
2030	83.24
2031	83.36
2032	83.5
2033	83.63
2034	83.76
2035	83.89
2036	84.03
2037	84.15
2038	84.27
2039	84.39
2040	84.52
2041	84.65
2042	84.78
2043	84.9
2044	85.02
2045	85.14
2046	85.24
2047	85.37
2048	85.48
2049	85.59
2050	85.71
2051	85.83
2052	85.93
2053	86.05
2054	86.16
2055	86.28
2056	86.39
2057	86.52
2058	86.62
2059	86.74
2060	86.85
2061	86.97
2062	87.08
2063	87.18
2064	87.3
2065	87.41
2066	87.52
2067	87.64
2068	87.75
2069	87.86
2070	87.97
2071	88.07
2072	88.19
2073	88.31
2074	88.42
2075	88.52
2076	88.64
2077	88.74
2078	88.87
2079	88.97
2080	89.08
2081	89.19
2082	89.29
2083	89.41
2084	89.52
2085	89.62
2086	89.74
2087	89.85
2088	89.96
2089	90.08
2090	90.19
2091	90.28
2092	90.41
2093	90.52
2094	90.63
2095	90.74
2096	90.85
2097	90.96
2098	91.06
2099	91.19
2100	91.3
