sim	parent_gen	parent_n_offspring	child_gen	child_n_offspring
1	0	1	1	
1	0	1	1	
1	0	1	1	
1	0	1	1	
5	0	7	1	4
5	0	7	1	4
5	0	7	1	4
5	0	7	1	4
5	0	7	1	4
5	0	7	1	4
5	0	7	1	4
5	0	7	1	4
5	0	7	1	4
5	0	7	1	4
5	0	7	1	4
5	0	7	1	4
5	0	7	1	4
5	0	7	1	4
5	0	3	1	2
5	0	3	1	2
5	0	3	1	2
5	0	3	1	2
5	0	3	1	2
5	0	3	1	2
5	0	7	1	8
5	0	7	1	8
5	0	7	1	8
5	0	7	1	8
5	0	7	1	8
5	0	7	1	8
5	0	7	1	8
5	0	7	1	8
5	0	7	1	8
5	0	7	1	8
5	0	7	1	8
5	0	7	1	8
5	0	7	1	8
5	0	7	1	8
5	0	5	1	1
5	0	5	1	1
5	0	5	1	1
5	0	5	1	1
5	0	5	1	1
5	0	5	1	1
5	0	5	1	1
5	0	5	1	1
5	0	5	1	1
5	0	5	1	1
5	0	4	1	4
5	0	4	1	4
5	0	4	1	4
5	0	4	1	4
5	0	4	1	4
5	0	4	1	4
5	0	4	1	4
5	0	4	1	4
5	0	1	1	
5	0	1	1	
5	0	5	1	3
5	0	5	1	3
5	0	5	1	3
5	0	5	1	3
5	0	5	1	3
5	0	5	1	3
5	0	5	1	3
5	0	5	1	3
5	0	5	1	3
5	0	5	1	3
5	0	6	1	2
5	0	6	1	2
5	0	6	1	2
5	0	6	1	2
5	0	6	1	2
5	0	6	1	2
5	0	6	1	2
5	0	6	1	2
5	0	6	1	2
5	0	6	1	2
5	0	6	1	2
5	0	6	1	2
5	1	6	2	0
5	1	6	2	0
5	1	6	2	0
5	1	6	2	0
5	1	6	2	0
5	1	6	2	0
5	1	4	2	0
5	1	4	2	0
5	1	4	2	0
5	1	4	2	0
5	1	3	2	0
5	1	3	2	0
5	1	3	2	0
5	1	1	2	0
5	1	7	2	0
5	1	7	2	0
5	1	7	2	0
5	1	7	2	0
5	1	7	2	0
5	1	7	2	0
5	1	7	2	0
5	1	8	2	0
5	1	8	2	0
5	1	8	2	0
5	1	8	2	0
5	1	8	2	0
5	1	8	2	0
5	1	8	2	0
5	1	8	2	0
5	1	6	2	0
5	1	6	2	0
5	1	6	2	0
5	1	6	2	0
5	1	6	2	0
5	1	6	2	0
5	1	4	2	0
5	1	4	2	0
5	1	4	2	0
5	1	4	2	0
5	1	3	2	0
5	1	3	2	0
5	1	3	2	0
5	1	1	2	0
5	1	7	2	0
5	1	7	2	0
5	1	7	2	0
5	1	7	2	0
5	1	7	2	0
5	1	7	2	0
5	1	7	2	0
5	1	8	2	0
5	1	8	2	0
5	1	8	2	0
5	1	8	2	0
5	1	8	2	0
5	1	8	2	0
5	1	8	2	0
5	1	8	2	0
5	1	2	2	0
5	1	2	2	0
5	1	5	2	0
5	1	5	2	0
5	1	5	2	0
5	1	5	2	0
5	1	5	2	0
5	1	8	2	0
5	1	8	2	0
5	1	8	2	0
5	1	8	2	0
5	1	8	2	0
5	1	8	2	0
5	1	8	2	0
5	1	8	2	0
5	1	10	2	0
5	1	10	2	0
5	1	10	2	0
5	1	10	2	0
5	1	10	2	0
5	1	10	2	0
5	1	10	2	0
5	1	10	2	0
5	1	10	2	0
5	1	10	2	0
5	1	3	2	0
5	1	3	2	0
5	1	3	2	0
5	1	2	2	0
5	1	2	2	0
5	1	2	2	0
5	1	2	2	0
5	1	3	2	0
5	1	3	2	0
5	1	3	2	0
5	1	1	2	0
5	1	4	2	0
5	1	4	2	0
5	1	4	2	0
5	1	4	2	0
5	1	2	2	0
5	1	2	2	0
5	1	6	2	0
5	1	6	2	0
5	1	6	2	0
5	1	6	2	0
5	1	6	2	0
5	1	6	2	0
5	1	4	2	0
5	1	4	2	0
5	1	4	2	0
5	1	4	2	0
5	1	7	2	0
5	1	7	2	0
5	1	7	2	0
5	1	7	2	0
5	1	7	2	0
5	1	7	2	0
5	1	7	2	0
5	1	2	2	0
5	1	2	2	0
5	1	3	2	0
5	1	3	2	0
5	1	3	2	0
5	1	8	2	0
5	1	8	2	0
5	1	8	2	0
5	1	8	2	0
5	1	8	2	0
5	1	8	2	0
5	1	8	2	0
5	1	8	2	0
5	1	9	2	0
5	1	9	2	0
5	1	9	2	0
5	1	9	2	0
5	1	9	2	0
5	1	9	2	0
5	1	9	2	0
5	1	9	2	0
5	1	9	2	0
5	1	2	2	0
5	1	2	2	0
5	1	4	2	0
5	1	4	2	0
5	1	4	2	0
5	1	4	2	0
5	1	4	2	0
5	1	4	2	0
5	1	4	2	0
5	1	4	2	0
5	1	6	2	0
5	1	6	2	0
5	1	6	2	0
5	1	6	2	0
5	1	6	2	0
5	1	6	2	0
5	1	5	2	0
5	1	5	2	0
5	1	5	2	0
5	1	5	2	0
5	1	5	2	0
5	1	2	2	0
5	1	2	2	0
5	1	5	2	0
5	1	5	2	0
5	1	5	2	0
5	1	5	2	0
5	1	5	2	0
5	1	8	2	0
5	1	8	2	0
5	1	8	2	0
5	1	8	2	0
5	1	8	2	0
5	1	8	2	0
5	1	8	2	0
5	1	8	2	0
5	1	10	2	0
5	1	10	2	0
5	1	10	2	0
5	1	10	2	0
5	1	10	2	0
5	1	10	2	0
5	1	10	2	0
5	1	10	2	0
5	1	10	2	0
5	1	10	2	0
5	1	3	2	0
5	1	3	2	0
5	1	3	2	0
5	1	2	2	0
5	1	2	2	0
5	1	2	2	0
5	1	2	2	0
5	1	3	2	0
5	1	3	2	0
5	1	3	2	0
5	1	1	2	0
5	1	4	2	0
5	1	4	2	0
5	1	4	2	0
5	1	4	2	0
5	1	2	2	0
5	1	2	2	0
5	1	6	2	0
5	1	6	2	0
5	1	6	2	0
5	1	6	2	0
5	1	6	2	0
5	1	6	2	0
5	1	4	2	0
5	1	4	2	0
5	1	4	2	0
5	1	4	2	0
5	1	7	2	0
5	1	7	2	0
5	1	7	2	0
5	1	7	2	0
5	1	7	2	0
5	1	7	2	0
5	1	7	2	0
5	1	2	2	0
5	1	2	2	0
5	1	3	2	0
5	1	3	2	0
5	1	3	2	0
5	1	8	2	0
5	1	8	2	0
5	1	8	2	0
5	1	8	2	0
5	1	8	2	0
5	1	8	2	0
5	1	8	2	0
5	1	8	2	0
5	1	9	2	0
5	1	9	2	0
5	1	9	2	0
5	1	9	2	0
5	1	9	2	0
5	1	9	2	0
5	1	9	2	0
5	1	9	2	0
5	1	9	2	0
5	1	2	2	0
5	1	2	2	0
5	1	4	2	0
5	1	4	2	0
5	1	4	2	0
5	1	4	2	0
5	1	4	2	0
5	1	4	2	0
5	1	4	2	0
5	1	4	2	0
5	1	6	2	0
5	1	6	2	0
5	1	6	2	0
5	1	6	2	0
5	1	6	2	0
5	1	6	2	0
5	1	5	2	0
5	1	5	2	0
5	1	5	2	0
5	1	5	2	0
5	1	5	2	0
4	0	1	1	
4	0	1	1	
4	0	1	1	
4	0	1	1	
4	1	4	2	0
4	1	4	2	0
4	1	4	2	0
4	1	4	2	0
4	1	4	2	0
4	1	4	2	0
4	1	4	2	0
4	1	4	2	0
4	0	5	1	4
4	0	5	1	4
4	0	5	1	4
4	0	5	1	4
4	0	5	1	4
4	0	5	1	4
4	0	5	1	4
4	0	5	1	4
4	0	5	1	4
4	0	5	1	4
4	0	3	1	2
4	0	3	1	2
4	0	3	1	2
4	0	3	1	2
4	0	3	1	2
4	0	3	1	2
4	0	5	1	1
4	0	5	1	1
4	0	5	1	1
4	0	5	1	1
4	0	5	1	1
4	0	5	1	1
4	0	5	1	1
4	0	5	1	1
4	0	5	1	1
4	0	5	1	1
4	0	3	1	2
4	0	3	1	2
4	0	3	1	2
4	0	3	1	2
4	0	3	1	2
4	0	3	1	2
4	0	3	1	1
4	0	3	1	1
4	0	3	1	1
4	0	3	1	1
4	0	3	1	1
4	0	3	1	1
4	0	4	1	1
4	0	4	1	1
4	0	4	1	1
4	0	4	1	1
4	0	4	1	1
4	0	4	1	1
4	0	4	1	1
4	0	4	1	1
4	1	1	2	0
4	1	4	2	0
4	1	4	2	0
4	1	4	2	0
4	1	4	2	0
4	1	1	2	0
4	1	4	2	0
4	1	4	2	0
4	1	4	2	0
4	1	4	2	0
4	1	1	2	0
4	1	4	2	0
4	1	4	2	0
4	1	4	2	0
4	1	4	2	0
4	1	1	2	0
4	1	4	2	0
4	1	4	2	0
4	1	4	2	0
4	1	4	2	0
4	1	2	2	0
4	1	2	2	0
4	1	2	2	0
4	1	2	2	0
4	1	1	2	0
4	1	2	2	0
4	1	2	2	0
4	1	2	2	0
4	1	2	2	0
4	1	3	2	0
4	1	3	2	0
4	1	3	2	0
4	1	2	2	0
4	1	2	2	0
4	1	1	2	0
4	1	1	2	0
4	1	2	2	0
4	1	2	2	0
4	1	1	2	0
4	1	1	2	0
4	1	4	2	0
4	1	4	2	0
4	1	4	2	0
4	1	4	2	0
4	1	2	2	0
4	1	2	2	0
4	1	2	2	0
4	1	2	2	0
4	1	1	2	0
4	1	2	2	0
4	1	2	2	0
4	1	2	2	0
4	1	2	2	0
4	1	3	2	0
4	1	3	2	0
4	1	3	2	0
4	1	2	2	0
4	1	2	2	0
4	1	1	2	0
4	1	1	2	0
4	1	2	2	0
4	1	2	2	0
4	1	1	2	0
4	1	1	2	0
4	1	4	2	0
4	1	4	2	0
4	1	4	2	0
4	1	4	2	0
4	0	2	1	1
4	0	2	1	1
4	0	2	1	1
4	0	2	1	1
4	0	4	1	2
4	0	4	1	2
4	0	4	1	2
4	0	4	1	2
4	0	4	1	2
4	0	4	1	2
4	0	4	1	2
4	0	4	1	2
4	0	3	1	4
4	0	3	1	4
4	0	3	1	4
4	0	3	1	4
4	0	3	1	4
4	0	3	1	4
4	1	1	2	0
4	1	1	2	0
4	1	2	2	0
4	1	2	2	0
4	1	1	2	0
4	1	4	2	0
4	1	4	2	0
4	1	4	2	0
4	1	4	2	0
4	1	4	2	0
4	1	4	2	0
4	1	4	2	0
4	1	4	2	0
4	1	2	2	0
4	1	2	2	0
4	1	1	2	0
4	1	4	2	0
4	1	4	2	0
4	1	4	2	0
4	1	4	2	0
4	1	4	2	0
4	1	4	2	0
4	1	4	2	0
4	1	4	2	0
2	0	3	1	5
2	0	3	1	5
2	0	3	1	5
2	0	3	1	5
2	0	3	1	5
2	0	3	1	5
2	0	4	1	1
2	0	4	1	1
2	0	4	1	1
2	0	4	1	1
2	0	4	1	1
2	0	4	1	1
2	0	4	1	1
2	0	4	1	1
2	0	5	1	1
2	0	5	1	1
2	0	5	1	1
2	0	5	1	1
2	0	5	1	1
2	0	5	1	1
2	0	5	1	1
2	0	5	1	1
2	0	5	1	1
2	0	5	1	1
2	0	7	1	1
2	0	7	1	1
2	0	7	1	1
2	0	7	1	1
2	0	7	1	1
2	0	7	1	1
2	0	7	1	1
2	0	7	1	1
2	0	7	1	1
2	0	7	1	1
2	0	7	1	1
2	0	7	1	1
2	0	7	1	1
2	0	7	1	1
2	1	3	2	0
2	1	3	2	0
2	1	3	2	0
2	1	5	2	0
2	1	5	2	0
2	1	5	2	0
2	1	5	2	0
2	1	5	2	0
2	1	1	2	0
2	1	3	2	0
2	1	3	2	0
2	1	3	2	0
2	1	5	2	0
2	1	5	2	0
2	1	5	2	0
2	1	5	2	0
2	1	5	2	0
2	1	1	2	0
2	1	1	2	0
2	1	2	2	0
2	1	2	2	0
2	1	1	2	0
2	1	1	2	0
2	1	6	2	0
2	1	6	2	0
2	1	6	2	0
2	1	6	2	0
2	1	6	2	0
2	1	6	2	0
2	1	1	2	0
2	1	4	2	0
2	1	4	2	0
2	1	4	2	0
2	1	4	2	0
2	1	3	2	0
2	1	3	2	0
2	1	3	2	0
2	1	5	2	0
2	1	5	2	0
2	1	5	2	0
2	1	5	2	0
2	1	5	2	0
2	1	2	2	0
2	1	2	2	0
2	1	1	2	0
2	1	2	2	0
2	1	2	2	0
2	1	1	2	0
2	1	1	2	0
2	1	6	2	0
2	1	6	2	0
2	1	6	2	0
2	1	6	2	0
2	1	6	2	0
2	1	6	2	0
2	1	1	2	0
2	1	4	2	0
2	1	4	2	0
2	1	4	2	0
2	1	4	2	0
2	1	3	2	0
2	1	3	2	0
2	1	3	2	0
2	1	5	2	0
2	1	5	2	0
2	1	5	2	0
2	1	5	2	0
2	1	5	2	0
2	1	2	2	0
2	1	2	2	0
2	0	2	1	2
2	0	2	1	2
2	0	2	1	2
2	0	2	1	2
2	0	7	1	1
2	0	7	1	1
2	0	7	1	1
2	0	7	1	1
2	0	7	1	1
2	0	7	1	1
2	0	7	1	1
2	0	7	1	1
2	0	7	1	1
2	0	7	1	1
2	0	7	1	1
2	0	7	1	1
2	0	7	1	1
2	0	7	1	1
2	0	2	1	2
2	0	2	1	2
2	0	2	1	2
2	0	2	1	2
2	1	1	2	0
2	1	2	2	0
2	1	2	2	0
2	1	1	2	0
2	1	2	2	0
2	1	2	2	0
2	1	1	2	0
2	1	2	2	0
2	1	2	2	0
2	1	1	2	0
2	1	1	2	0
2	1	2	2	0
2	1	2	2	0
2	1	1	2	0
2	1	2	2	0
2	1	2	2	0
2	1	1	2	0
2	1	2	2	0
2	1	2	2	0
2	1	1	2	0
2	1	1	2	0
2	1	2	2	0
2	1	2	2	0
2	1	1	2	0
2	1	2	2	0
2	1	2	2	0
5	0	1	1	
5	0	1	1	
5	0	5	1	1
5	0	5	1	1
5	0	5	1	1
5	0	5	1	1
5	0	5	1	1
5	0	5	1	1
5	0	5	1	1
5	0	5	1	1
5	0	5	1	1
5	0	5	1	1
5	1	5	2	0
5	1	5	2	0
5	1	5	2	0
5	1	5	2	0
5	1	5	2	0
5	1	5	2	0
5	1	5	2	0
5	1	5	2	0
5	1	5	2	0
5	1	5	2	0
5	1	1	2	0
5	1	4	2	0
5	1	4	2	0
5	1	4	2	0
5	1	4	2	0
5	1	2	2	0
5	1	2	2	0
5	1	5	2	0
5	1	5	2	0
5	1	5	2	0
5	1	5	2	0
5	1	5	2	0
5	1	1	2	0
5	1	4	2	0
5	1	4	2	0
5	1	4	2	0
5	1	4	2	0
5	1	2	2	0
5	1	2	2	0
5	1	5	2	0
5	1	5	2	0
5	1	5	2	0
5	1	5	2	0
5	1	5	2	0
1	0	2	1	1
1	0	2	1	1
1	0	2	1	1
1	0	2	1	1
1	0	7	1	2
1	0	7	1	2
1	0	7	1	2
1	0	7	1	2
1	0	7	1	2
1	0	7	1	2
1	0	7	1	2
1	0	7	1	2
1	0	7	1	2
1	0	7	1	2
1	0	7	1	2
1	0	7	1	2
1	0	7	1	2
1	0	7	1	2
1	0	2	1	1
1	0	2	1	1
1	0	2	1	1
1	0	2	1	1
1	1	1	2	0
1	1	1	2	0
1	1	2	2	0
1	1	2	2	0
1	1	5	2	0
1	1	5	2	0
1	1	5	2	0
1	1	5	2	0
1	1	5	2	0
1	1	3	2	0
1	1	3	2	0
1	1	3	2	0
1	1	8	2	0
1	1	8	2	0
1	1	8	2	0
1	1	8	2	0
1	1	8	2	0
1	1	8	2	0
1	1	8	2	0
1	1	8	2	0
1	1	2	2	0
1	1	2	2	0
1	1	7	2	0
1	1	7	2	0
1	1	7	2	0
1	1	7	2	0
1	1	7	2	0
1	1	7	2	0
1	1	7	2	0
1	1	1	2	0
1	1	2	2	0
1	1	2	2	0
1	1	5	2	0
1	1	5	2	0
1	1	5	2	0
1	1	5	2	0
1	1	5	2	0
1	1	3	2	0
1	1	3	2	0
1	1	3	2	0
1	1	8	2	0
1	1	8	2	0
1	1	8	2	0
1	1	8	2	0
1	1	8	2	0
1	1	8	2	0
1	1	8	2	0
1	1	8	2	0
1	1	2	2	0
1	1	2	2	0
1	1	7	2	0
1	1	7	2	0
1	1	7	2	0
1	1	7	2	0
1	1	7	2	0
1	1	7	2	0
1	1	7	2	0
1	1	1	2	0
4	0	2	1	1
4	0	2	1	1
4	0	2	1	1
4	0	2	1	1
4	0	5	1	0
4	0	5	1	0
4	0	5	1	0
4	0	5	1	0
4	0	5	1	0
4	0	5	1	0
4	0	5	1	0
4	0	5	1	0
4	0	5	1	0
4	0	5	1	0
4	0	1	1	
4	0	1	1	
4	1	1	2	0
4	1	1	2	0
4	1	1	2	0
4	1	1	2	0
4	1	1	2	0
4	1	2	2	0
4	1	2	2	0
4	1	4	2	0
4	1	4	2	0
4	1	4	2	0
4	1	4	2	0
4	1	1	2	0
4	1	2	2	0
4	1	2	2	0
4	1	4	2	0
4	1	4	2	0
4	1	4	2	0
4	1	4	2	0
