age	weighted_mortality_rate
0	0.00459843770412204
1	0.000377939557608347
2	0.000221545727536205
3	0.000161891264028927
4	0.000140239507627826
5	0.000109236684743849
6	0.000116078805127481
7	0.000108173579047403
8	0.000110214539915279
9	0.000106878311995896
10	9.89140672486631e-05
11	0.000114541250225258
12	0.000107605884138496
13	0.000130208325872793
14	0.000158127575273419
15	0.000194486826508209
16	0.000270178523845278
17	0.000310225341591601
18	0.000451218980851514
19	0.000450604262330915
20	0.000463786857866822
21	0.000467315806609079
22	0.000444909810030402
23	0.000471060627429578
24	0.000508530342951343
25	0.000491141072238748
26	0.000511858401312089
27	0.000526567149844006
28	0.000544244483699983
29	0.000591906351729602
30	0.000614104362368104
31	0.000663470775912069
32	0.000703922575705342
33	0.00074426841071647
34	0.000800330695093257
35	0.000880064215888083
36	0.00094498331036129
37	0.00101290980705568
38	0.00110762644052453
39	0.00128906517456127
40	0.0013915410059929
41	0.00152042315263122
42	0.00166875398284481
43	0.00179093566212288
44	0.00207692985854549
45	0.00224954673010217
46	0.00247310293911247
47	0.00271898257785516
48	0.0031027616007175
49	0.00342593067847479
50	0.00380293529010603
51	0.00412663787119634
52	0.00463012736017102
53	0.00502729391228398
54	0.00561941698386449
55	0.00617136012171195
56	0.0067223152534468
57	0.0073149325486647
58	0.00807520444354558
59	0.00886786463438706
60	0.0097708793743903
61	0.0107362071091925
62	0.0117796305427446
63	0.0128465232740974
64	0.0140436236135229
65	0.0153916189827194
66	0.0168027481276659
67	0.0184014043598507
68	0.0200269891194672
69	0.0220280669964011
70	0.0241010650070312
71	0.0263500655066192
72	0.0289609376585525
73	0.0323359463219812
74	0.0350043137077064
75	0.0390223337958614
76	0.0428139303195064
77	0.0474501169327225
78	0.052344771632153
79	0.0576682160825046
80	0.0638403829677452
81	0.0705882777405271
82	0.078676494295896
83	0.0875568530787373
84	0.0963396494937841
85	0.1068336356232
86	0.118831153460312
87	0.133526269465784
88	0.147833442678357
89	0.164830075162833
90	0.183519820074214
91	0.203569831194707
92	0.228812478029346
93	0.250339904187074
94	0.276406144795099
95	0.303004303787826
96	0.336177262123879
97	0.362711025642037
98	0.39413906786878
99+	0.480519756041643
