age	cum_inc	cum_risk	cum_risk_adjusted
0	0	0	0
1	0	0	0
2	0	0	0
3	0	0	0
4	0	0	0
5	0	0	0
6	0	0	0
7	0	0	0
8	0	0	0
9	0	0	0
10	0	0	0
11	0	0	0
12	0	0	0
13	0	0	0
14	0	0	0
15	0	0	0
16	0	0	0
17	0	0	0
18	0	0	0
19	2.36016493569041e-7	2.3415997834968757e-7	2.9986141973452844e-7
20	7.080493692995525e-7	7.022687975990111e-7	8.993138800552022e-7
21	1.4160983486726863e-6	1.4041060411048794e-6	1.7980751190315397e-6
22	2.360162986058582e-6	2.339451063991601e-6	2.9958625824621433e-6
23	3.540242668716821e-6	3.5081110590862643e-6	4.492429364650268e-6
24	4.9563366167970946e-6	4.909840787388582e-6	6.287461416562774e-6
25	6.608443883340059e-6	6.5443581966502434e-06	8.38059754672615e-6
26	8.496563354278364e-6	8.411457546985664e-6	1.0771574288024358e-5
27	1.062069374843792e-5	1.051086520034724e-5	1.3460041224071018e-5
28	1.2980833617539353e-5	1.2842307108293784e-5	1.6445647412936476e-5
29	1.5576981346199626e-5	1.540549139564581e-5	1.9728019084062992e-5
30	1.8409135151933904e-5	1.820003009208844e-5	2.3306659409041842e-5
31	2.1477293085157568e-5	2.1225579294318204e-5	2.7181127990954816e-5
32	2.4781453029188462e-5	2.448169128403334e-5	3.135085148910317e-5
33	2.832161270024933e-5	2.7967915413609198e-5	3.581525281154539e-5
34	3.338844529114454e-5	3.295383945006047e-5	4.220014518639038e-5
35	3.712553145559649e-5	3.66283076657884e-5	4.6905608791670246e-5
36	4.137227440643335e-5	4.080021816657045e-5	5.224808881146977e-5
37	4.613285653150817e-5	4.547249401085635e-5	5.823132846639768e-5
38	5.219019790801524e-5	5.141145317879711e-5	6.583666196700391e-5
39	5.8117589320504816e-5	5.721656504658539e-5	7.327059281488433e-5
40	6.355274285341304e-5	6.253273196045419e-5	8.007838879083811e-5
41	7.183197716117624e-5	7.061944823024834e-5	9.043410473658148e-5
42	8.07189388110036e-5	7.928656253720661e-5	1.0153306886957597e-4
43	8.89299177453466e-5	8.728105357875167e-5	1.1177068270379279e-4
44	9.864518720145168e-5	9.672323285181773e-5	1.2386218229379223e-4
45	1.1103979246234629e-4	1.0874441435258856e-4	1.3925630974935793e-4
46	1.2589884623018138e-4	1.231233765604163e-4	1.5766977242703803e-4
47	1.4124359127735855e-4	1.3793561449940584e-4	1.7663808088493372e-4
48	1.6061616328606014e-4	1.565850563791095e-4	2.0052024964288095e-4
49	1.847108296473284e-4	1.7970835912566006e-4	2.3013157109670027e-4
50	2.105265699328623e-4	2.0439847421293452e-4	2.6174932668268126e-4
51	2.358623974194717e-4	2.2853745238447023e-4	2.926613053925868e-4
52	2.6491271426189644e-4	2.561012325877652e-4	3.279590292959745e-4
53	2.968629832299418e-4	2.862762073007191e-4	3.666006059721022e-4
54	3.343554109530293e-4	3.215073822182009e-4	4.1171706952888875e-4
55	3.734084753065518e-4	3.57998848653845e-4	4.584474416902924e-4
56	4.1662398546831066e-4	3.981305296377577e-4	5.098394127734043e-4
57	4.642449399621164e-4	4.420560061603705e-4	5.66089656070388e-4
58	5.155323578358089e-4	4.89017370877036e-4	6.262276078922866e-4
59	5.726097438003124e-4	5.408582904178394e-4	6.926142374239744e-4
60	6.347521907918763e-4	5.967990719232624e-4	7.64251082804207e-4
61	6.963201661661648e-4	6.516811749770832e-4	8.345322019592445e-4
62	7.592827870457814e-4	7.072039014795297e-4	9.056336929736152e-4
63	8.303125197389752e-4	7.691026642626174e-4	9.849002312555283e-4
64	9.118665470368335e-4	8.392598048226056e-4	0.0010747423123878398
65	9.995904896659667e-4	9.136648371809735e-4	0.0011700241739408626
66	0.0010906164913254187	9.896822636204703e-4	0.00126737084085365
67	0.0011877773392153165	0.0010694596213164703	0.0013695324139371052
68	0.0012895238944779324	0.0011514649351309877	0.0014745470710083252
69	0.0013933626038430047	0.0012334803860318837	0.0015795747094657533
70	0.0015014209463636995	0.0013169485937445872	0.0016864627244195741
71	0.001610086490294022	0.0013988628492971214	0.001791360773777088
72	0.001722184053390973	0.0014811376124863249	0.0018967204832889915
73	0.0018374129138995102	0.0015632612991672596	0.002001886726707426
74	0.001955842510168322	0.0016449368415825311	0.002106479083944735
75	0.002069138660335669	0.0017203370077965986	0.002203035297557828
76	0.002170623614869623	0.0017852411039750527	0.0022861504163916423
77	0.002273238362075375	0.0018480580175561983	0.002366592723495266
78	0.002380450160833294	0.001910574872990922	0.0024466507810681926
79	0.0024785207131377313	0.001964767914611065	0.0025160494994763425
80	0.0025668107151020606	0.002010742759407391	0.002574924130102218
81	0.0026541914823516	0.0020533393168823038	0.002629472581508188
82	0.002737046974790367	0.0020908787834450025	0.0026775450054078746
83	0.002801327870014998	0.0021177112663946338	0.0027119062420674685
84	0.002864150375802335	0.0021416389145684097	0.0027425475950555605
85	0.0029215365397470203	0.0021613902825996334	0.002767840872332419
86	0.0029720483799983515	0.0021769182831358983	0.002787725774608458
87	0.0030267331286113037	0.002191731442690923	0.0028066952632727015
88	0.00307458784542113	0.0022029635600287344	0.0028210789281298576
89	0.0031160166211833154	0.0022112499137409043	0.002831690296503163
90	0.0031533689514804323	0.0022174894730290313	0.0028396805735771617
91	0.003186888508940288	0.0022220611984363546	0.0028455350499951137
92	0.0032168188845325594	0.002225312383796378	0.0028496984645322507
93	0.0032434035968087137	0.0022275393904889603	0.0028525503327007672
94	0.0032668861005459653	0.0022290140723965107	0.0028544387861144183
95	0.003287509794795727	0.00222995123571952	0.0028556389020631006
96	0.003305518030336978	0.002230521597059897	0.0028563692974214044
97	0.0033211541165349017	0.0022308503420163084	0.002856790282809492
98	0.0033346613276050993	0.002231031323079	0.002857022044183858
99	0.0033462829082836457	0.002231125665191729	0.0028571428571428576
100	0.0033462829082836457	0.002231125665191729	0.0028571428571428576
