year	mean_fertility
1800	5.66
1801	5.63
1802	5.66
1803	5.66
1804	5.65
1805	5.64
1806	5.62
1807	5.61
1808	5.59
1809	5.56
1810	5.57
1811	5.58
1812	5.56
1813	5.56
1814	5.55
1815	5.6
1816	5.58
1817	5.57
1818	5.56
1819	5.56
1820	5.54
1821	5.57
1822	5.56
1823	5.54
1824	5.5
1825	5.56
1826	5.51
1827	5.47
1828	5.47
1829	5.43
1830	5.4
1831	5.39
1832	5.39
1833	5.44
1834	5.45
1835	5.4
1836	5.42
1837	5.42
1838	5.39
1839	5.42
1840	5.43
1841	5.41
1842	5.43
1843	5.42
1844	5.42
1845	5.38
1846	5.4
1847	5.36
1848	5.36
1849	5.4
1850	5.41
1851	5.38
1852	5.34
1853	5.29
1854	5.26
1855	5.18
1856	5.23
1857	5.24
1858	5.27
1859	5.33
1860	5.31
1861	5.33
1862	5.36
1863	5.36
1864	5.37
1865	5.35
1866	5.33
1867	5.31
1868	5.25
1869	5.31
1870	5.32
1871	5.31
1872	5.33
1873	5.42
1874	5.43
1875	5.44
1876	5.41
1877	5.34
1878	5.26
1879	5.34
1880	5.27
1881	5.26
1882	5.33
1883	5.31
1884	5.3
1885	5.28
1886	5.22
1887	5.22
1888	5.26
1889	5.23
1890	5.15
1891	5.29
1892	5.1
1893	5.21
1894	5.2
1895	5.22
1896	5.22
1897	5.2
1898	5.11
1899	5.13
1900	5.1
1901	5.06
1902	5.06
1903	4.98
1904	4.96
1905	4.83
1906	4.86
1907	4.83
1908	4.85
1909	4.75
1910	4.69
1911	4.65
1912	4.58
1913	4.52
1914	4.43
1915	3.63
1916	3.8
1917	3.63
1918	3.68
1919	3.38
1920	4.2
1921	3.83
1922	4.01
1923	4.09
1924	4.06
1925	4.02
1926	3.95
1927	3.84
1928	3.82
1929	3.7
1930	3.62
1931	3.5
1932	3.35
1933	3.09
1934	3.04
1935	3.13
1936	3.16
1937	3.21
1938	3.21
1939	3.19
1940	3.08
1941	3.04
1942	2.74
1943	2.59
1944	2.59
1945	2.55
1946	2.95
1947	3
1948	2.92
1949	2.98
1950	2.85
1951	2.83
1952	2.82
1953	2.79
1954	2.82
1955	2.81
1956	2.8
1957	2.81
1958	2.79
1959	2.8
1960	2.79
1961	2.78
1962	2.74
1963	2.74
1964	2.72
1965	2.67
1966	2.65
1967	2.64
1968	2.59
1969	2.54
1970	2.48
1971	2.47
1972	2.4
1973	2.32
1974	2.31
1975	2.24
1976	2.2
1977	2.16
1978	2.13
1979	2.11
1980	2.09
1981	2.05
1982	2.04
1983	2.04
1984	2.01
1985	1.99
1986	2
1987	1.99
1988	1.97
1989	1.91
1990	1.86
1991	1.79
1992	1.72
1993	1.64
1994	1.6
1995	1.56
1996	1.54
1997	1.52
1998	1.5
1999	1.48
2000	1.48
2001	1.47
2002	1.47
2003	1.49
2004	1.51
2005	1.51
2006	1.54
2007	1.58
2008	1.63
2009	1.64
2010	1.64
2011	1.62
2012	1.66
2013	1.64
2014	1.67
2015	1.66
2016	1.67
2017	1.63
2018	1.59
2019	1.55
2020	1.52
2021	1.52
2022	1.46
2023	1.44
2024	1.44
2025	1.45
2026	1.45
2027	1.45
2028	1.46
2029	1.46
2030	1.46
2031	1.46
2032	1.47
2033	1.47
2034	1.47
2035	1.48
2036	1.48
2037	1.48
2038	1.48
2039	1.49
2040	1.49
2041	1.49
2042	1.5
2043	1.5
2044	1.5
2045	1.51
2046	1.51
2047	1.51
2048	1.51
2049	1.52
2050	1.52
2051	1.52
2052	1.52
2053	1.52
2054	1.52
2055	1.53
2056	1.53
2057	1.53
2058	1.53
2059	1.53
2060	1.53
2061	1.54
2062	1.54
2063	1.54
2064	1.54
2065	1.54
2066	1.54
2067	1.54
2068	1.54
2069	1.55
2070	1.55
2071	1.55
2072	1.55
2073	1.55
2074	1.55
2075	1.55
2076	1.55
2077	1.56
2078	1.56
2079	1.56
2080	1.56
2081	1.56
2082	1.56
2083	1.56
2084	1.56
2085	1.56
2086	1.56
2087	1.57
2088	1.57
2089	1.57
2090	1.57
2091	1.57
2092	1.57
2093	1.57
2094	1.57
2095	1.58
2096	1.58
2097	1.57
2098	1.58
2099	1.58
2100	1.58