age	total_population	total_deaths	mortality_rate
0	2591075	13480	0.00520247387667281
1	2606864	1155	0.000443061087958559
2	2615894	681	0.000260331649524025
3	2626610	505	0.000192263031055239
4	2643086	442	0.000167228762136381
5	2657334	344	0.000129453053323368
6	2675321	365	0.000136432226263689
7	2696864	343	0.000127184759780248
8	2718726	359	0.00013204714266903
9	2734690	358	0.000130910633380749
10	2749834	326	0.000118552610812144
11	2763330	360	0.000130277599852352
12	2783602	343	0.000123221638725651
13	2807946	439	0.000156342037916684
14	2831052	521	0.000184030529993797
15	2854267	631	0.000221072520545555
16	2880827	909	0.000315534393422444
17	2899925	1012	0.000348974542445063
18	2918695	1474	0.00050502022307915
19	2938685	1536	0.000522682764569867
20	2974533	1569	0.00052747775869355
21	3013194	1597	0.000530002382853543
22	3042061	1537	0.000505249566001471
23	3068888	1635	0.00053276626582658
24	3087410	1760	0.000570057102879112
25	3098934	1737	0.000560515325592607
26	3105827	1820	0.000585995292075186
27	3108632	1904	0.0006124880654899
28	3111228	1915	0.000615512588598457
29	3114162	2142	0.000687825488847401
30	3118252	2204	0.000706806249142148
31	3125760	2410	0.00077101248976249
32	3140740	2560	0.000815094531861918
33	3160678	2706	0.000856145421963262
34	3181334	2929	0.000920682958783957
35	3198288	3197	0.000999597284547233
36	3210285	3413	0.00106314548396793
37	3219525	3729	0.00115824539334219
38	3221720	4063	0.00126112759643917
39	3220684	4619	0.00143416740046524
40	3216145	4911	0.00152698339160703
41	3207387	5413	0.00168766662707057
42	3195934	5821	0.00182137678687983
43	3179674	6290	0.00197819021698451
44	3161807	7117	0.00225092802944645
45	3139711	7590	0.00241741994724992
46	3109428	8259	0.00265611552993026
47	3079472	9009	0.00292550151454535
48	3048379	10102	0.00331389239986235
49	3013670	10921	0.00362382078993387
50	2978013	11949	0.00401240693039285
51	2946445	12812	0.00434829090649919
52	2913325	14139	0.00485321754352844
53	2877778	15131	0.00525787604186285
54	2836144	16675	0.00587946169164894
55	2788725	18033	0.00646639593362558
56	2743020	19315	0.00704150899373683
57	2696528	20762	0.00769953065571728
58	2654125	22609	0.00851843828003579
59	2616593	24466	0.00935032693277097
60	2570498	26443	0.0102871116803047
61	2524359	28474	0.0112796951622174
62	2477995	30630	0.012360799759483
63	2429112	32736	0.0134765296948021
64	2377692	35033	0.0147340361998106
65	2326666	37489	0.0161127553331677
66	2273309	39848	0.0175286333710024
67	2218825	42502	0.0191551834867554
68	2159524	45026	0.0208499650848983
69	2098347	47995	0.0228727660391727
70	2035397	51033	0.0250727499352706
71	1965680	53932	0.0274368157584144
72	1891040	56821	0.0300474870970471
73	1808808	60593	0.0334988567056316
74	1718916	62575	0.0364037567862537
75	1623983	65855	0.0405515328670312
76	1527809	68198	0.044637778675214
77	1432689	70823	0.0494336174843249
78	1338185	72807	0.0544072755261791
79	1244146	74671	0.0600178757155511
80	1152124	76407	0.0663183823963393
81	1059872	77528	0.0731484556625706
82	967675	78528	0.0811512129588963
83	875079	78953	0.0902238540748892
84	784219	77669	0.0990399365483366
85	695776	76305	0.109668916432875
86	611007	74264	0.121543615703257
87	528752	71861	0.135906814536872
88	451197	67808	0.150284687176555
89	378755	63246	0.166983934205489
90	311743	57801	0.185412342859342
91	251876	51556	0.204688021089743
92	198710	45664	0.229802224347038
93	152790	38325	0.25083447869625
94	114865	31735	0.276280851434292
95	83845	25356	0.302415170850975
96	59354	19863	0.334653098358999
97	40705	14664	0.360250583466405
98	27069	10609	0.391924341497654
99+	42596	20377	0.478378251479012
