h2	K	k	l
0.2	0.001	2	2
0.4	0.001	2	2
0.6	0.001	2	2
0.8	0.001	2	2
0.2	0.005	2	2
0.4	0.005	2	2
0.6	0.005	2	2
0.8	0.005	2	2
0.2	0.01	2	2
0.4	0.01	2	2
0.6	0.01	2	2
0.8	0.01	2	2
0.2	0.05	2	2
0.4	0.05	2	2
0.6	0.05	2	2
0.8	0.05	2	2
0.2	0.1	2	2
0.4	0.1	2	2
0.6	0.1	2	2
0.8	0.1	2	2
0.2	0.2	2	2
0.4	0.2	2	2
0.6	0.2	2	2
0.8	0.2	2	2
0.2	0.1	2	1
0.4	0.1	2	1
0.6	0.1	2	1
0.8	0.1	2	1
0.2	0.1	2	1.5
0.4	0.1	2	1.5
0.6	0.1	2	1.5
0.8	0.1	2	1.5
0.2	0.1	2	2
0.4	0.1	2	2
0.6	0.1	2	2
0.8	0.1	2	2
0.2	0.1	2	3
0.4	0.1	2	3
0.6	0.1	2	3
0.8	0.1	2	3
0.2	0.1	1	2
0.4	0.1	1	2
0.6	0.1	1	2
0.8	0.1	1	2
0.2	0.1	2	2
0.4	0.1	2	2
0.6	0.1	2	2
0.8	0.1	2	2
0.2	0.1	3	2
0.4	0.1	3	2
0.6	0.1	3	2
0.8	0.1	3	2
0.2	0.1	4	2
0.4	0.1	4	2
0.6	0.1	4	2
0.8	0.1	4	2
