age	cum_risk	cum_risk_adjusted
0	0	0
1	0	0
2	0	0
3	0	0
4	0	0
5	0	0
6	0	0
7	0	0
8	0	0
9	0	0
10	0	0
11	0	0
12	0	0
13	0	0
14	0	0
15	0	0
16	0	0
17	0	0
18	0	0
19	0	0
20	0	0
21	0	0
22	0	0
23	0	0
24	0	0
25	0	0
26	0	0
27	0	0
28	0	0
29	0	0
30	0	0
31	0	0
32	0	0
33	0	0
34	0	0
35	0	0
36	0	0
37	0	0
38	0	0
39	0	0
40	4.1519734598204694e-5	2.0443000786905315e-5
41	4.1519734598204694e-5	2.0443000786905315e-5
42	4.1519734598204694e-5	2.0443000786905315e-5
43	4.1519734598204694e-5	2.0443000786905315e-5
44	4.1519734598204694e-5	2.0443000786905315e-5
45	8.274790770634304e-5	4.074244594108471e-5
46	8.274790770634304e-5	4.074244594108471e-5
47	8.274790770634304e-5	4.074244594108471e-5
48	8.274790770634304e-5	4.074244594108471e-5
49	8.274790770634304e-5	4.074244594108471e-5
50	2.15399318077949e-4	1.0605579422843378e-4
51	2.15399318077949e-4	1.0605579422843378e-4
52	2.15399318077949e-4	1.0605579422843378e-4
53	2.15399318077949e-4	1.0605579422843378e-4
54	2.15399318077949e-4	1.0605579422843378e-4
55	5.000188739781549e-4	2.4619343868939185e-4
56	5.000188739781549e-4	2.4619343868939185e-4
57	5.000188739781549e-4	2.4619343868939185e-4
58	5.000188739781549e-4	2.4619343868939185e-4
59	5.000188739781549e-4	2.4619343868939185e-4
60	8.251744325311916e-4	4.062897255200352e-4
61	8.251744325311916e-4	4.062897255200352e-4
62	8.251744325311916e-4	4.062897255200352e-4
63	8.251744325311916e-4	4.062897255200352e-4
64	8.251744325311916e-4	4.062897255200352e-4
65	0.0013340687265990397	6.568531396351746e-4
66	0.0013340687265990397	6.568531396351746e-4
67	0.0013340687265990397	6.568531396351746e-4
68	0.0013340687265990397	6.568531396351746e-4
69	0.0013340687265990397	6.568531396351746e-4
70	0.0018399935546054643	9.059544828190371e-4
71	0.0018399935546054643	9.059544828190371e-4
72	0.0018399935546054643	9.059544828190371e-4
73	0.0018399935546054643	9.059544828190371e-4
74	0.0018399935546054643	9.059544828190371e-4
75	0.0023287681322646647	0.0011466115865409476
76	0.0023287681322646647	0.0011466115865409476
77	0.0023287681322646647	0.0011466115865409476
78	0.0023287681322646647	0.0011466115865409476
79	0.0023287681322646647	0.0011466115865409476
80	0.0026679551458193293	0.0013136165168977495
81	0.0026679551458193293	0.0013136165168977495
82	0.0026679551458193293	0.0013136165168977495
83	0.0026679551458193293	0.0013136165168977495
84	0.0026679551458193293	0.0013136165168977495
85	0.0027081365394319265	0.001333400561020151
86	0.0027081365394319265	0.001333400561020151
87	0.0027081365394319265	0.001333400561020151
88	0.0027081365394319265	0.001333400561020151
89	0.0027081365394319265	0.001333400561020151
90	0.0027081365394319265	0.001333400561020151
91	0.0027081365394319265	0.001333400561020151
92	0.0027081365394319265	0.001333400561020151
93	0.0027081365394319265	0.001333400561020151
94	0.0027081365394319265	0.001333400561020151
95	0.0027081365394319265	0.001333400561020151
96	0.0027081365394319265	0.001333400561020151
97	0.0027081365394319265	0.001333400561020151
98	0.0027081365394319265	0.001333400561020151
99	0.0027081365394319265	0.001333400561020151
