age	cum_incidence_c9_ALS	s_lb	s_ub	cum_incidence_patho_ALS	cum_incidence_c9_FTD	cum_incidence_patho_FTD	cum_incidence_FTD_GRNMAPT	incidence_c9_ALS	incidence_patho_ALS	incidence_c9_FTD	incidence_patho_FTD	incidence_FTD_GRNMAPT
18	0	0	0.00439077936333699	0	0	0	0	0	0	0	0	0
19	0	0	0.00439077936333699	0	0	0	0	0	0	0	0	0
20	2.29790510628851e-16	0	0.0044296788482835	7.44592518792178e-16	1.86148129698045e-16	9.30740648490223e-17	8.84203616065711e-16	2.29790510628851e-16	7.44592518792178e-16	1.86148129698045e-16	9.30740648490223e-17	8.84203616065711e-16
21	2.25605795715088e-15	0	0.00449438202247191	7.31032744676446e-15	1.82758186169111e-15	9.13790930845557e-16	8.68101384303279e-15	2.02626744652203e-15	6.56573492797228e-15	1.64143373199307e-15	8.20716865996535e-16	7.79681022696708e-15
22	9.53749218862786e-15	0	0.00454029511918275	3.09044325296848e-14	7.7261081324212e-15	3.8630540662106e-15	3.66990136290007e-14	7.28143423147698e-15	2.35941050829203e-14	5.89852627073009e-15	2.94926313536504e-15	2.80179997859679e-14
23	3.79122573775853e-14	0	0.0046029919447641	1.22847471536665e-13	3.07118678841663e-14	1.53559339420832e-14	1.4588137244979e-13	2.83747651889574e-14	9.19430390069802e-14	2.29857597517451e-14	1.14928798758726e-14	1.09182358820789e-13
24	7.39282247292527e-14	0	0.00465657741559953	2.39550375297687e-13	5.98875938244218e-14	2.99437969122109e-14	2.84466070666004e-13	3.60159673516674e-14	1.16702903761022e-13	2.91757259402555e-14	1.45878629701277e-14	1.38584698216214e-13
25	7.39282247292527e-14	0	0.00465657741559953	2.39550375297687e-13	5.98875938244218e-14	2.99437969122109e-14	2.84466070666004e-13	0	0	0	0	0
26	3.0327051056052e-12	0	0.00619195046439628	9.82690506738862e-12	2.45672626684715e-12	1.22836313342358e-12	1.1669449767524e-11	2.95877688087595e-12	9.58735469209093e-12	2.39683867302273e-12	1.19841933651137e-12	1.1384983696858e-11
27	4.99231432795487e-11	0	0.00641025641025641	1.61766466764946e-10	4.04416166912365e-11	2.02208083456182e-11	1.92097679283373e-10	4.68904381739435e-11	1.51939561697557e-10	3.79848904243893e-11	1.89924452121946e-11	1.80428229515849e-10
28	5.13598092176611e-11	0	0.00645195369974994	1.66421709954034e-10	4.16054274885085e-11	2.08027137442542e-11	1.97625780570415e-10	1.4366659381124e-12	4.65524318908802e-12	1.16381079727201e-12	5.81905398635999e-13	5.528101287042e-12
29	8.811541809142e-11	0	0.00650098488935537	2.85521281629802e-10	7.13803204074506e-11	3.56901602037253e-11	3.3905652193539e-10	3.67556088737589e-11	1.19099571675768e-10	2.97748929189421e-11	1.48874464594711e-11	1.41430741364975e-10
30	1.45312411950848e-10	0	0.00651465798045603	4.70857280094593e-10	1.17714320023648e-10	5.88571600118242e-11	5.59143020112329e-10	5.7196993859428e-11	1.85335998464791e-10	4.63339996161974e-11	2.31669998080989e-11	2.20086498176939e-10
31	1.55159823157072e-09	0	0.0066006600660066	5.02765946355697e-09	1.25691486588924e-09	6.28457432944621e-10	5.9703456129739e-09	1.40628581961987e-09	4.55680218346238e-09	1.13920054586559e-09	5.69600272932797e-10	5.41120259286157e-09
32	2.52213174841094e-09	0	0.00668229118679762	8.17248904724457e-09	2.04312226181114e-09	1.02156113090557e-09	9.70483074360292e-09	9.7053351684022e-10	3.1448295836876e-09	7.862073959219e-10	3.93103697960949e-10	3.73448513062902e-09
33	9.39042175798466e-09	0	0.0069284064665127	3.0427878723817e-08	7.60696968095426e-09	3.80348484047713e-09	3.61331059845327e-08	6.86829000957372e-09	2.22553896765724e-08	5.56384741914312e-09	2.78192370957156e-09	2.64282752409298e-08
34	9.7049916124697e-09	0	0.0081799591002045	3.14471826091085e-08	7.86179565227714e-09	3.93089782613857e-09	3.73435293483164e-08	3.1456985448504e-10	1.0193038852915e-09	2.54825971322881e-10	1.27412985661441e-10	1.2104233637837e-09
35	9.55067672534304e-08	0	0.0083251618262679	3.09471545175293e-07	7.73678862938232e-08	3.86839431469116e-08	3.6749745989566e-07	8.58017756409607e-08	2.78024362566185e-07	6.95060906415461e-08	3.4753045320773e-08	3.30153930547344e-07
36	5.61142520830108e-07	0	0.00864691384130838	1.81827579321208e-06	4.54568948303019e-07	2.2728447415151e-07	2.15920250443934e-06	4.65635753576678e-07	1.50880424803679e-06	3.77201062009196e-07	1.88600531004598e-07	1.79170504454368e-06
37	0.00386489701559778	0	0.0124487081176097	0.0125234649413543	0.00313086623533858	0.00156543311766929	0.0148716146178583	0.00386433587307695	0.0125216466655611	0.00313041166639028	0.00156520583319514	0.0148694554153539
38	0.00407273486481234	0	0.0127704330577665	0.0131969240290404	0.00329923100726009	0.00164961550363005	0.0156713472844854	0.00020783784921456	0.000673459087686101	0.00016836477192151	8.418238596076e-05	0.0007997326666271
39	0.00421248902275382	0	0.0131993083295314	0.0136497708423772	0.00341244271059431	0.00170622135529715	0.016209102875323	0.00013975415794148	0.000452846813336799	0.00011321170333422	5.66058516670998e-05	0.000537755590837602
40	0.00683835983069872	0	0.0172470651076562	0.0221584066148462	0.00553960165371154	0.00276980082685577	0.0263131078551298	0.0026258708079449	0.008508635772469	0.00212715894311723	0.00106357947155862	0.0101040049798068
41	0.00935396035935217	0.00206229268749557	0.0209373905701045	0.0303097324845657	0.00757743312114142	0.00378871656057071	0.0359928073254217	0.00251560052865345	0.0081513258697195	0.00203783146742988	0.00101891573371494	0.0096796994702919
42	0.00967071455999976	0.00207934812303637	0.0214603072129007	0.0313361143288496	0.00783402858221241	0.0039170142911062	0.0372116357655089	0.000316754200647591	0.0010263818442839	0.00025659546107099	0.00012829773053549	0.0012188284400872
43	0.0121501433662597	0.00224767504856615	0.0246561467144128	0.0393702326001686	0.00984255815004215	0.00492127907502108	0.0467521512127002	0.00247942880625994	0.008034118271319	0.00200852956782974	0.00100426478391488	0.0095405154471913
44	0.0169221498421189	0.0062714247544694	0.0309908010384514	0.0548330135123516	0.0137082533780879	0.00685412668904395	0.0651142035459176	0.0047720064758592	0.015462780912183	0.00386569522804575	0.00193284761402287	0.0183620523332174
45	0.0197245467722603	0.00718371431614965	0.0346849357418017	0.0639136486663407	0.0159784121665852	0.00798920608329259	0.0758974577912796	0.0028023969301414	0.0090806351539891	0.0022701587884973	0.00113507939424864	0.010783254245362
46	0.02023092590308	0.00838039341654203	0.0351672365132535	0.0655544740922863	0.0163886185230716	0.00819430926153579	0.07784593798459	0.0005063791308197	0.00164082542594561	0.000410206356486399	0.0002051031782432	0.0019484801933104
47	0.0273693031706853	0.0130642445022708	0.0442512934041802	0.088685030246365	0.0221712575615913	0.0110856287807956	0.105313473417558	0.0071383772676053	0.0231305561540787	0.0057826390385197	0.00289131951925981	0.027467535432968
48	0.0324815911265204	0.0168106404761671	0.0507873707708769	0.105250428684312	0.026312607171078	0.013156303585539	0.12498488406262	0.0051122879558351	0.016565398437947	0.0041413496094867	0.0020706748047434	0.019671410645062
49	0.0352303983558096	0.0188431846300472	0.0541498808301734	0.1141574165879	0.0285393541469751	0.0142696770734875	0.135561932198132	0.0027488072292892	0.008906987903588	0.0022267469758971	0.0011133734879485	0.010577048135512
50	0.0382124674107189	0.0211318895560897	0.0579223334043032	0.123820245147403	0.0309550612868507	0.0154775306434254	0.147036541112541	0.0029820690549093	0.009662828559503	0.0024157071398756	0.0012078535699379	0.011474608914409
51	0.0433745569916806	0.0244858216328155	0.0649898569851966	0.140547016295613	0.0351367540739032	0.0175683770369516	0.16689958185104	0.0051620895809617	0.01672677114821	0.0041816927870525	0.0020908463935262	0.019863040738499
52	0.0535422435147518	0.0328390795852928	0.0769185214629798	0.173493473909482	0.0433733684773706	0.0216866842386853	0.20602350026751	0.0101676865230712	0.032946457613869	0.00823661440346739	0.0041183072017337	0.03912391841647
53	0.0564485777594928	0.0351602772167584	0.0804194276199397	0.182910898196593	0.0457277245491482	0.0228638622745741	0.217206691608454	0.002906334244741	0.00941742428711101	0.00235435607177761	0.0011771780358888	0.011183191340944
54	0.0644160235344831	0.04123520179403	0.09052718829703	0.208727893431536	0.0521819733578839	0.026090986678942	0.247864373449949	0.0079674457749903	0.025816995234943	0.0064542488087357	0.0032271244043679	0.030657681841495
55	0.0675013974699111	0.043870668241143	0.0939642580917911	0.218725461841602	0.0546813654604006	0.0273406827302003	0.259736485936903	0.003085373935428	0.00999756841006599	0.0024993921025167	0.0012496960512583	0.011872112486954
56	0.0707821179196928	0.0467830548024844	0.0974908700808032	0.229356013540499	0.0573390033851248	0.0286695016925624	0.272360266079343	0.0032807204497817	0.010630551698897	0.0026576379247242	0.0013288189623621	0.01262378014244
57	0.0817783841822314	0.0537499946501677	0.11299845014567	0.2649873264756	0.0662468316188999	0.03312341580945	0.314672450189775	0.0109962662625386	0.035631312935101	0.0089078282337751	0.0044539141168876	0.042312184110432
58	0.0930980129448397	0.0625827484529163	0.126711137071003	0.301666434194527	0.0754166085486317	0.0377083042743158	0.358228890606	0.0113196287626083	0.036679107718927	0.00916977692973181	0.00458488846486579	0.043556440416225
59	0.101882412616477	0.0705265152554599	0.136309383019826	0.330130613414469	0.0825326533536172	0.0412663266768086	0.392030103429682	0.0087843996716373	0.028464179219942	0.0071160448049855	0.0035580224024928	0.033801212823682
60	0.108242197748964	0.0757081669750872	0.143585432463534	0.350738289587938	0.0876845723969845	0.0438422861984923	0.416501718885676	0.006359785132487	0.020607676173469	0.0051519190433673	0.0025759595216837	0.024471615455994
61	0.114757256469057	0.0803975649898561	0.151831528972484	0.371849100339859	0.0929622750849648	0.0464811375424824	0.441570806653583	0.006515058720093	0.021110810751921	0.00527770268798029	0.0026388513439901	0.025069087767907
62	0.124326932694646	0.0863290596624175	0.165894294975074	0.402857819130453	0.100714454782613	0.0503572273913066	0.478393660217413	0.00956967622558899	0.031008718790594	0.0077521796976482	0.0038760898488242	0.03682285356383
63	0.139929102184736	0.1011301194973	0.18181776285174	0.453413686940035	0.113353421735009	0.0566767108675044	0.538428753241292	0.01560216949009	0.050555867809582	0.012638966952396	0.0063194834761978	0.060035093023879
64	0.153083455561349	0.110529072362142	0.199530994348105	0.49603787140688	0.12400946785172	0.06200473392586	0.58904497229567	0.013154353376613	0.042624184466845	0.010656046116711	0.0053280230583556	0.050616219054378
65	0.157195402795724	0.113804734669161	0.204243790902164	0.509361855674137	0.127340463918534	0.0636702319592672	0.604867203613038	0.004111947234375	0.0133239842672571	0.00333099606681402	0.0016654980334072	0.015822231317368
66	0.161219682822927	0.118083332184414	0.207813069485833	0.522401771002146	0.130600442750537	0.0653002213752683	0.620352103065049	0.00402428002720301	0.013039915328009	0.00325997883200299	0.00162998941600109	0.0154848994520109
67	0.175780358291074	0.131309084636069	0.223583937042189	0.569582875184704	0.142395718796176	0.071197859398088	0.676379664281836	0.014560675468147	0.0471811041825579	0.011795276045639	0.0058976380228197	0.0560275612167871
68	0.183585431938631	0.137754210562776	0.232692070450315	0.594873734370703	0.148718433592676	0.0743592167963378	0.706412559565209	0.007805073647557	0.025290859185999	0.00632271479650001	0.0031613573982498	0.0300328952833729
69	0.188156415131818	0.141324723955464	0.238384799847449	0.609685137504181	0.152421284376045	0.0762106421880226	0.724001100786215	0.00457098319318699	0.014811403133478	0.00370285078336899	0.00185142539168481	0.0175885412210061
70	0.204858176115951	0.155072461705332	0.258332702433123	0.663804022768015	0.165951005692004	0.0829755028460018	0.788267277037017	0.016701760984133	0.054118885263834	0.013529721315959	0.0067648606579792	0.064266176250802
71	0.205650584041686	0.155815480862633	0.259182077300763	0.666371670194879	0.16659291754872	0.0832964587743598	0.791316358356418	0.000792407925735011	0.00256764742686399	0.000641911856715999	0.000320955928357999	0.00304908131940096
72	0.210466032942843	0.160274745208115	0.264192610475189	0.681975218037717	0.170493804509429	0.0852469022547146	0.809845571419789	0.00481544890115698	0.015603547842838	0.003900886960709	0.00195044348035479	0.018529213063371
73	0.21566032261258	0.163852741235418	0.270874446927487	0.698806327459692	0.174701581864923	0.0873507909324615	0.829832513858384	0.00519428966973701	0.016831109421975	0.00420777735549399	0.0021038886777469	0.019986942438595
74	0.225897838386734	0.172568009693289	0.282707031314054	0.73197905350304	0.18299476337576	0.09149738168788	0.86922512603486	0.010237515774154	0.0331727260433481	0.00829318151083702	0.00414659075541851	0.039392612176476
75	0.226540706958278	0.17309374090635	0.283385564369316	0.73406214704606	0.183515536761515	0.0917577683807575	0.871698799617196	0.000642868571543997	0.00208309354301994	0.000520773385754986	0.000260386692877493	0.00247367358233597
76	0.227275002210058	0.173694454291803	0.284312476034675	0.736441491386972	0.184110372846743	0.0920551864233715	0.874524271022029	0.000734295251780009	0.00237934434091203	0.000594836085228007	0.000297418042614003	0.00282547140483302
77	0.23318878941734	0.176512580747479	0.293920588677112	0.755603995966559	0.18890099899164	0.0944504994958199	0.897279745210289	0.005913787207282	0.019162504579587	0.004790626144897	0.0023953130724484	0.02275547418826
78	0.234003125440619	0.177272113600801	0.294851878945014	0.758242697229972	0.189560674307493	0.0947803371537465	0.900413202960591	0.000814336023278989	0.00263870126341292	0.000659675315852981	0.000329837657926588	0.00313345775030205
79	0.24055278960051	0.182840676691958	0.302416859870451	0.779465640338937	0.194866410084734	0.0974332050423671	0.925615447902487	0.006549664159891	0.021222943108965	0.005305735777241	0.00265286788862061	0.0252022449418959
80	0.241226318139405	0.183335489448021	0.303297649150319	0.781648081684673	0.195412020421168	0.0977060102105841	0.928207097000549	0.000673528538895019	0.00218244134573609	0.000545610336434021	0.000272805168216997	0.00259164909806209
81	0.241667119133815	0.183618412624047	0.303910173491507	0.783076413611068	0.195769103402767	0.0978845517013835	0.929903241163143	0.00044080099440999	0.00142833192639491	0.000357082981598977	0.000178541490799392	0.001696144162594
82	0.241827348355136	0.183731122427638	0.304160868089752	0.783595605979635	0.195898901494909	0.0979494507474543	0.930519782100816	0.000160229221321001	0.000519192368567012	0.000129798092142003	6.48990460708071e-05	0.000616540937672938
83	0.242091482519204	0.183926143660975	0.304521122667962	0.784451482586481	0.19611287064662	0.0980564353233101	0.931536135571446	0.000264134164068008	0.000855876606846051	0.000213969151711013	0.000106984575855798	0.00101635347063
84	0.242553782654738	0.184217661442121	0.305235941575919	0.785949478397592	0.196487369599398	0.0982436847996991	0.933315005597141	0.000462300135534	0.00149799581111099	0.000374498952777996	0.000187249476388998	0.00177887002569499
85	0.242932490585966	0.18450051280049	0.305703468724293	0.787176609542512	0.196794152385628	0.098397076192814	0.934772223831733	0.00037870793122799	0.00122713114492001	0.000306782786230003	0.000153391393114904	0.00145721823459199
86	0.243538794310927	0.184965776834705	0.306497276315703	0.789141221642839	0.19728530541071	0.0986426527053549	0.937105200700871	0.00060630372496101	0.00196461210032695	0.000491153025081986	0.000245576512540896	0.00233297686913803
87	0.24385124496615	0.185199178228097	0.306863280384419	0.7901536586653	0.197538414666325	0.0987692073331625	0.938307469665043	0.000312450655222979	0.00101243702246101	0.000253109255615003	0.000126554627807599	0.00120226896417197
88	0.244387443291615	0.185599306425716	0.307581422348463	0.791891107529648	0.197972776882412	0.098986388441206	0.940370690191457	0.000536198325465004	0.00173744886434801	0.000434362216087003	0.000217181108043502	0.00206322052641406
89	0.244845189832744	0.185920295729314	0.308275616611969	0.793374348282693	0.198343587070673	0.0991717935353366	0.942132038585697	0.000457746541129012	0.00148324075304507	0.000370810188261017	0.000185405094130606	0.00176134839424003
90	0.245086124233684	0.186095945145637	0.308620362607833	0.79415505046212	0.19853876261553	0.099269381307765	0.943059122423767	0.000240934400940002	0.00078070217942694	0.000195175544856985	9.75877724283952e-05	0.000927083838069942
91	0.245600551906425	0.186434596387563	0.309439104441878	0.795821955659964	0.198955488914991	0.0994777444574955	0.945038572346208	0.000514427672740986	0.00166690519784407	0.000416726299461018	0.000208363149730509	0.00197944992244103
92	0.245600551906425	0.186434596387563	0.309439104441878	0.795821955659964	0.198955488914991	0.0994777444574955	0.945038572346208	0	0	0	0	0
93	0.245899190000603	0.186606580657699	0.310017239315666	0.796789635700984	0.199197408925246	0.099598704462623	0.946187692394919	0.000298638094178016	0.000967680041019991	0.000241920010254998	0.000120960005127499	0.00114912004871093
94	0.245899190000603	0.186606580657699	0.310017239315666	0.796789635700984	0.199197408925246	0.099598704462623	0.946187692394919	0	0	0	0	0
95	0.2460666619458	0.186744879420666	0.310289805094074	0.797332296741077	0.199333074185269	0.0996665370926346	0.946832102380029	0.000167471945197006	0.000542661040092929	0.000135665260022982	6.78326300115883e-05	0.000644409985110062
96	0.246277239276345	0.186873161960694	0.31074479502842	0.798014632597862	0.199503658149465	0.0997518290747327	0.947642376209961	0.000210577330544998	0.00068233585678501	0.000170583964196003	8.52919820981124e-05	0.000810273829931929
97	0.246277239276345	0.186873161960694	0.31074479502842	0.798014632597862	0.199503658149465	0.0997518290747327	0.947642376209961	0	0	0	0	0
98	0.246574179067525	0.186983505993395	0.311579412762418	0.798976809610478	0.199744202402619	0.0998721012013097	0.948784961412442	0.000296939791179979	0.000962177012616028	0.000240544253154007	0.00012027212657699	0.00114258520248101
99	0.246574179067525	0.186983505993395	0.311579412762418	0.798976809610478	0.199744202402619	0.0998721012013097	0.948784961412442	0	0	0	0	0
100	0.246889948345546	0.187101407648226	0.312514999838468	0.8	0.2	0.1	0.95	0.000315769278021016	0.00102319038952203	0.000255797597381008	0.00012789879869031	0.001215038587558
