age	cumulative_incidence_perc	cum_incidence
10	0	0
11	0	0
12	0	0
13	0	0
14	0	0
15	0	0
16	0	0
17	0	0
18	0	0
19	0	0
20	0	0
21	0	0
22	0	0
23	0	0
24	0	0
25	0	0
26	0	0
27	0	0
28	0	0
29	0	0
30	0	0
31	0	0
32	0	0
33	0	0
34	0	0
35	0	0
36	0	0
37	0	0
38	0	0
39	0	0
40	0	0
41	0	0
42	0	0
43	0	0
44	0	0
45	0	0
46	0	0
47	0	0
48	0	0
49	0	0
50	0	0
51	0	0
52	0	0
53	0	0
54	0	0
55	0	0
56	0	0
57	0.1	0.001
58	0.1	0.001
59	0.1	0.001
60	0.1	0.001
61	0.2	0.002
62	0.2	0.002
63	0.3	0.003
64	0.4	0.004
65	0.5	0.005
66	0.6	0.006
67	0.7	0.007
68	0.8	0.008
69	1	0.01
70	1.2	0.012
71	1.5	0.015
72	2	0.02
73	2.5	0.025
74	3.1	0.031
75	3.9	0.039
76	4.9	0.049
77	6	0.06
78	7.1	0.071
79	8.5	0.085
80	9.9	0.099
81	11.7	0.117
82	13.5	0.135
83	15.4	0.154
84	17.7	0.177
85	19.9	0.199
86	22.5	0.225
87	25.1	0.251
88	28	0.28
89	30.7	0.307
90	32.9	0.329
91	35.4	0.354
92	37.8	0.378
93	39.4	0.394
94	40.4	0.404
95	41.8	0.418
96	41.8	0.418
97	41.8	0.418
98	41.8	0.418
99	41.8	0.418
100	41.8	0.418
101	41.8	0.418
102	41.8	0.418
103	41.8	0.418
104	41.8	0.418
105	41.8	0.418
106	41.8	0.418
107	41.8	0.418
108	41.8	0.418
109	41.8	0.418
110	41.8	0.418
111	41.8	0.418
112	41.8	0.418
113	41.8	0.418
114	41.8	0.418
115	41.8	0.418
116	41.8	0.418
117	41.8	0.418
118	41.8	0.418
119	41.8	0.418
120	41.8	0.418
